[[ 465  232  702  245]
 [ 941  616  955  906]
 [ 702  250  718  622]
 [ 443  906  710  921]
 [ 702  933  717 1280]
 [ 443  248  458  602]
 [ 444  234  458  257]
 [ 443  921  458 1306]
 [1041  261 1055  588]
 [1300  936 1316 1181]
 [1042  609 1288  626]
 [ 445  602  459  627]
 [1039  232 1291  245]
 [ 449 1298  704 1314]
 [ 834  611  939  625]
 [1030  906 1299  921]
 [ 444  907  458  931]
 [ 703  908  718  930]
 [ 806  622  820  901]
 [1041  931 1055 1280]
 [1300  247 1315  555]
 [ 703  628  716  831]
 [1039 1287 1054 1311]
 [ 444 1287  458 1311]
 [1299  601 1315  626]
 [1038  931 1314 1294]
 [ 871  907  885 1266]
 [1301  232 1316  257]
 [ 453  610  691  626]
 [1077  669 1090  902]
 [1300  906 1315  932]
 [1299 1287 1315 1311]
 [1037 1297 1299 1314]
 [ 704  598  718  625]
 [ 727  674  805  687]
 [1039  907 1053  931]
 [1039  600 1054  623]
 [ 698  905  936  922]
 [ 945  725 1066  738]
 [ 704  233  718  255]
 [ 870  217  885  610]
 [ 790  231 1035  245]
 [1040  234 1055  256]
 [ 703 1284  718 1312]
 [ 831  613  845  624]
 [ 689 1270 1056 1285]
 [ 942  907  956  922]]