[[1299  926 1315 1283]
 [ 444  912  458  938]
 [1041  267 1056  608]
 [ 444  237  459  264]
 [1300  912 1315  937]
 [ 442  943  458 1303]
 [1039 1290 1055 1317]
 [ 441  265  458  609]
 [ 468  912  703  928]
 [ 440 1303  709 1318]
 [1300  255 1315  596]
 [ 699  647  713  909]
 [1071  913 1320  928]
 [ 702  241  717  626]
 [ 703  914  719  938]
 [ 463  237  719  252]
 [ 703  238  718  263]
 [1301  239 1315  263]
 [ 701  938  717 1284]
 [ 704 1292  719 1317]
 [ 704  617 1034  632]
 [1041  913 1055 1285]
 [1044 1303 1319 1319]
 [1039  912 1054  937]
 [1062  238 1288  253]
 [1040  604 1054  629]
 [1077  638 1091  912]
 [ 806  614  819  904]
 [1057  617 1298  632]
 [ 704  605  720  629]
 [ 469  616  694  631]
 [ 939  605  954  938]
 [1300 1293 1314 1317]
 [ 444  607  459  632]
 [ 715  680  803  694]
 [ 944  731 1082  743]
 [ 870  898  885 1279]
 [ 444 1293  458 1318]
 [1039  238 1055  264]
 [ 869  208  884  624]
 [ 717  912 1017  928]
 [1301  608 1314  632]
 [ 726  237  989  252]
 [ 697 1275 1025 1291]]