5
[[ 703  239  718  264]
 [ 443  606  459  634]
 [1039  913 1055  936]
 [ 443  914  459  940]
 [1039  604 1056  629]
 [ 444 1294  459 1319]
 [1301  910 1317  938]
 [ 444  237  459  264]
 [ 703 1290  719 1319]
 [ 703  912  719  939]
 [1302  244 1315  263]
 [1300 1292 1316 1319]
 [1301  610 1316  632]
 [1039 1290 1055 1320]
 [ 486  235  702  253]
 [ 456 1303  708 1319]
 [ 938  726  959  903]
 [ 448  616  708  633]
 [1040  238 1056  264]
 [ 703  603  720  631]
 [ 703  199  718  592]
 [ 908 1275 1036 1292]
 [1085  911 1307  928]
 [ 703  870  716 1297]
 [ 806  656  822  925]
 [ 788  912 1037  929]
 [1042  242 1057  567]
 [1055  616 1267  634]
 [1035 1303 1321 1321]
 [1042  902 1057 1268]
 [1077  652 1092  899]
 [ 814 1276  918 1292]
 [ 442  869  457 1349]
 [ 443  247  457  674]
 [ 461  912  692  928]
 [ 457  618  551  632]
 [ 746  617  977  634]]