[[ 702  944  717 1280]
 [ 444  237  458  265]
 [ 444  912  458  938]
 [1300  911 1315  938]
 [ 702  267  717  601]
 [ 478  911  682  928]
 [ 442  285  458  612]
 [ 444  606  458  633]
 [1039 1290 1054 1317]
 [ 478  237  687  253]
 [ 941  605  955  909]
 [ 477  617  684  632]
 [1039  603 1054  630]
 [1064  237 1301  254]
 [ 704  238  718  264]
 [ 444 1293  458 1319]
 [ 704 1290  718 1318]
 [1301  239 1314  263]
 [1041  254 1055  598]
 [1063  912 1304  928]
 [1040  913 1054  937]
 [ 704  912  718  939]
 [ 704  606  719  630]
 [1067 1304 1302 1319]
 [1040  238 1054  264]
 [ 442  946  457 1306]
 [1072  616 1303  632]
 [1300 1292 1313 1318]
 [ 719 1275 1045 1292]
 [ 806  616  820  903]
 [1301  607 1314  632]
 [ 726  913  945  929]
 [1042  921 1055 1286]
 [ 725  237 1017  253]
 [ 700  652  712  881]
 [ 871  887  885 1264]
 [1300  964 1315 1297]
 [ 722  679  806  695]
 [ 870  213  884  613]
 [ 453 1302  690 1320]
 [1064  957 1280 1310]
 [1300  273 1315  607]
 [1077  679 1090  885]
 [ 951  731 1080  744]
 [ 727  617 1050  633]]