[[ 702  244  717  597]
 [1041  240 1055  583]
 [ 443  241  458  596]
 [ 939  602  955  901]
 [ 443  911  458 1293]
 [1055  609 1288  625]
 [ 445  235  458  257]
 [1041  902 1055 1274]
 [1045  905 1300  921]
 [ 445  602  459  627]
 [ 455  905  723  921]
 [1300  896 1315 1260]
 [1301  224 1315  601]
 [1052  232 1312  245]
 [ 702  879  717 1293]
 [ 444  907  458  931]
 [ 806  621  820  908]
 [ 704  908  718  930]
 [1301  232 1315  257]
 [1077  649 1090  895]
 [1300  906 1315  932]
 [ 466  231  721  245]
 [ 704  598  718  627]
 [1299 1287 1315 1313]
 [ 463  609  683  626]
 [ 445 1287  458 1313]
 [ 870  225  884  609]
 [ 705  233  718  256]
 [ 885  897 1051 1299]
 [ 833  610  944  625]
 [1039 1288 1054 1311]
 [ 871  904  885 1273]
 [ 706  230 1080  244]
 [ 472 1298  721 1314]
 [1300  603 1315  626]
 [1046 1299 1311 1313]
 [ 703  621  716  841]
 [1039  907 1053  931]
 [1041  233 1055  257]
 [ 723  906  837  922]
 [1039  602 1053  623]
 [ 943  907  956  922]
 [1048  925 1306 1302]
 [ 703 1286  719 1312]
 [ 741  673  810  687]
 [ 831  613  845  624]
 [ 726 1269 1020 1285]]