[[1144  631 1158  651]
 [ 782  622  795  650]
 [ 929  226  942  246]
 [1144  226 1158  246]
 [ 745  985  760 1199]
 [ 961  964  976 1205]
 [1144 1147 1158 1173]
 [1146 1171 1159 1467]
 [1145  923 1159 1155]
 [ 778  800  804  814]
 [ 941  224 1131  239]
 [1145  245 1159  619]
 [ 745  796  759  971]
 [ 564  309  578  329]
 [ 732 1462  747 1489]
 [ 563 1193  576 1483]
 [ 680  745  697  962]
 [ 599  306  767  322]
 [ 746  960  762  984]
 [ 761 1078  968 1093]
 [ 564  714  578  734]
 [1024  669 1041  862]
 [ 563  993  576 1215]
 [1044  883 1136  898]
 [ 928  270  944  568]
 [ 968 1144 1146 1159]
 [ 562  327  576  728]
 [1144 1468 1158 1488]
 [ 579  720  735  734]
 [ 917  798  944  813]
 [ 964  802  975  956]
 [1143  885 1158  904]
 [ 779  323  792  630]
 [ 796  797  930  812]
 [ 564 1199  577 1227]
 [ 928  652  942  784]
 [ 927  620  943  647]
 [ 748 1194  776 1207]
 [ 792  305  921  322]
 [ 814  947  828 1084]
 [ 765  308  791  324]
 [ 568 1192  758 1209]
 [ 962  913 1156 1186]
 [ 947 1194  975 1207]
 [ 904  967  921 1072]
 [ 563 1469  576 1487]
 [ 759  955  958  970]
 [ 961  957  974  982]
 [ 779  628  794  810]
 [ 461 1129  985 1487]
 [1025  881 1040  898]
 [ 754 1194  948 1210]
 [ 971  638 1132  652]]